
MDGCN: ======================
OA=0.8556375131717597
AA=0.9086970143841643
kpp=0.8382858521732208
acc per class:[1.         0.78787879 0.85333333 0.96       0.92       0.91891892
 1.         0.95555556 1.         0.75555556 0.8358209  0.76785714
 0.95652174 0.88034188 0.94736842 1.        ]
confusion matrix:[[  7   0   0   0   0   0   0   0   0   0   0   0   0   0   0   0]
 [  2 104   3   1   0   0   0   0   0   4   9   9   0   0   0   0]
 [  0   5  64   6   0   0   0   0   0   0   0   0   0   0   0   0]
 [  0   0   0  24   0   0   0   0   0   0   0   1   0   0   0   0]
 [  0   0   1   0  46   0   2   0   0   1   0   0   0   0   0   0]
 [  0   0   0   1   2  68   0   0   0   0   0   0   0   2   1   0]
 [  0   0   0   0   0   0   3   0   0   0   0   0   0   0   0   0]
 [  0   0   0   0   0   2   0  43   0   0   0   0   0   0   0   0]
 [  0   0   0   0   0   0   0   0   4   0   0   0   0   0   0   0]
 [  0  17   2   3   0   0   0   0   0  68   0   0   0   0   0   0]
 [  0  11   8   0   1   0   0   3   0  10 168   0   0   0   0   0]
 [  0   1   9   0   0   0   0   0   0   0   0  43   0   0   3   0]
 [  0   0   0   0   0   0   0   0   0   0   0   0  22   0   1   0]
 [  0   0   0   0   1   0   0   0   0   0   0   0   0 103  13   0]
 [  0   0   0   0   0   0   0   0   0   0   0   0   0   2  36   0]
 [  0   0   0   0   0   0   0   0   0   0   0   0   0   0   0   9]]
